[{"name": "Root", "parent": -1, "transform_mat": [[0.018816960000000105, -0.98207424, -0.0010807999999999929, 0.0], [0.18605439999999995, 0.017032560000000085, 0.96428976, 0.0], [-0.96428976, -0.0010807999999999929, 0.20397816000000002, 0.0], [-0.09010065451914312, 0.0, 0.0, 1.0]]}, {"name": "Hips", "parent": 0, "transform_mat": [[-0.999999, -0.000301, 0.001309, 0.0], [0.001309, -0.436994, 0.899505, 0.0], [0.000301, 0.899506, 0.436994, 0.0], [0.0, 0.012041, -0.316247, 1.0]]}, {"name": "LHipJoint", "parent": 1, "transform_mat": [[-0.06434919999999988, 0.99091588, 0.047476560000000056, 0.0], [0.13275075999999997, 0.06199310000000002, -0.98398728, 0.0], [-0.98313048, -0.06276504, -0.13074713999999998, 0.0], [0.0, 0.0, 0.0, 1.0]]}, {"name": "LeftUpLeg", "parent": 2, "transform_mat": [[-0.321041, -0.162567, 0.932978, 0.0], [-0.03062, 0.986342, 0.161346, 0.0], [-0.946612, 0.023229, -0.321636, 0.0], [0.000475, 0.080475, 0.000475, 1.0]]}, {"name": "LeftLeg", "parent": 3, "transform_mat": [[0.16178555555555563, -0.9545657777777776, -0.17625177777777776, 0.0], [0.950587111111111, 0.19257511111111114, -0.16998088888888888, 0.0], [0.19658244444444442, -0.14599155555555557, 0.9689544444444445, 0.0], [0.000475, 0.050475, 0.000475, 1.0]]}, {"name": "LeftFoot", "parent": 4, "transform_mat": [[0.997446, 0.071462, -5.9e-05, 0.0], [-0.021079, 0.294997, 0.955325, 0.0], [0.068283, -0.952822, 0.295768, 0.0], [0.000475, 0.100475, 0.000475, 1.0]]}, {"name": "LeftToeBase", "parent": 5, "transform_mat": [[1.000015, 0.006272, -0.00614, 0.0], [-0.004984, 0.981592, 0.191037, 0.0], [0.007225, -0.191003, 0.981563, 0.0], [0.000475, 0.050475, 0.000475, 1.0]]}, {"name": "LowerBack", "parent": 1, "transform_mat": [[1.0, 0.0, 0.0, 0.0], [0.0, 0.840398, -0.542013, 0.0], [0.0, 0.542013, 0.840398, 0.0], [2.1e-05, 0.057271, 0.00894, 1.0]]}, {"name": "Spine", "parent": 7, "transform_mat": [[1.0, 0.0, 0.0, 0.0], [0.0, 0.981503, 0.191165, 0.0], [0.0, -0.191165, 0.981503, 0.0], [-4.8e-05, 0.054954, -0.006456, 1.0]]}, {"name": "Spine1", "parent": 8, "transform_mat": [[-0.003962, 0.13488, 0.990847, 0.0], [0.072018, 0.988313, -0.134249, 0.0], [-0.997388, 0.070827, -0.01363, 0.0], [-2.2e-05, 0.047021, -0.001332, 1.0]]}, {"name": "LeftShoulder", "parent": 9, "transform_mat": [[-0.047748284444444344, 0.01255639111111112, -0.9798340799999999, 0.0], [-0.9002074133333333, 0.4050689688888889, 0.0652654311111111, 0.0], [0.3871163911111112, 0.9024828533333333, 0.0035223022222222733, 0.0], [0.020475, 0.100475, -0.019525, 1.0]]}, {"name": "LeftArm", "parent": 10, "transform_mat": [[0.999422, 0.033966, 3.4000000000000007e-05, 0.0], [-0.033966, 0.99942, 0.001998, 0.0], [3.4000000000000007e-05, -0.001998, 0.999998, 0.0], [0.000475, 0.100475, 0.000475, 1.0]]}, {"name": "LeftForeArm", "parent": 11, "transform_mat": [[1.000018, -0.000949, 0.00095, 0.0], [0.00095, 1.000014, -0.000949, 0.0], [-0.000949, 0.00095, 1.000048, 0.0], [0.000475, 0.100475, 0.000475, 1.0]]}, {"name": "LeftHand", "parent": 12, "transform_mat": [[0.999987, -0.000949, 0.00095, 0.0], [0.00095, 1.000024, -0.000949, 0.0], [-0.000949, 0.00095, 1.000025, 0.0], [0.000475, 0.100475, 0.000475, 1.0]]}, {"name": "Neck", "parent": 9, "transform_mat": [[1.000002, 0.0, 0.0, 0.0], [0.0, 0.972515, -0.233045, 0.0], [0.0, 0.233045, 0.972514, 0.0], [-6.2e-05, 0.105884, -0.022535, 1.0]]}, {"name": "Neck1", "parent": 14, "transform_mat": [[0.99987, -0.005828, -0.015018, 0.0], [0.005828, 1.000023, -3.9e-05, 0.0], [0.015017, -4.9e-05, 0.999928, 0.0], [-1e-05, 0.07124, -0.020578, 1.0]]}, {"name": "Head", "parent": 15, "transform_mat": [[1.0, 0.0, 0.0, 0.0], [0.0, 0.914233, 0.405229, 0.0], [0.0, -0.405229, 0.914233, 0.0], [0.000336, 0.153849, -0.019886, 1.0]]}, {"name": "RightShoulder", "parent": 9, "transform_mat": [[0.0967754999999999, -0.007633500000000015, -0.9816755000000001, 0.0], [0.9074065, -0.3604605000000003, 0.07861349999999995, 0.0], [-0.3746445000000001, -0.9107735000000001, -0.00928500000000021, 0.0], [-0.019525, 0.100475, -0.019525, 1.0]]}, {"name": "RightArm", "parent": 17, "transform_mat": [[-0.980178, 0.0244104, -0.16524426666666667, 0.0], [-0.027064266666666663, -0.9938058755555557, 0.013774791111111111, 0.0], [-0.16483040000000002, 0.01806520888888889, 0.9861161244444444, 0.0], [0.000475, 0.100475, 0.000475, 1.0]]}, {"name": "RightForeArm", "parent": 18, "transform_mat": [[1.000018, -0.000949, 0.00095, 0.0], [0.00095, 1.000014, -0.000949, 0.0], [-0.000949, 0.00095, 1.000048, 0.0], [0.000475, 0.100475, 0.000475, 1.0]]}, {"name": "RightHand", "parent": 19, "transform_mat": [[0.999987, -0.000949, 0.00095, 0.0], [0.00095, 1.000024, -0.000949, 0.0], [-0.000949, 0.00095, 1.000025, 0.0], [0.000475, 0.100475, 0.000475, 1.0]]}, {"name": "RHipJoint", "parent": 1, "transform_mat": [[-0.29990800000000006, -0.007767999999999969, 0.953124, 0.0], [-0.48329199999999994, -0.85954, -0.15938400000000003, 0.0], [0.8215439999999999, -0.5088360000000001, 0.25546800000000003, 0.0], [0.0, 0.0, 0.0, 1.0]]}, {"name": "RightUpLeg", "parent": 21, "transform_mat": [[-0.321987, 0.152387, -0.93437, 0.0], [-0.009842, 0.986287, 0.16426, 0.0], [0.946735, 0.06208, -0.316074, 0.0], [0.000475, 0.080475, 0.000475, 1.0]]}, {"name": "RightLeg", "parent": 22, "transform_mat": [[0.999534, 0.026913999999999997, 0.01434, 0.0], [-0.024929999999999997, 0.991974, -0.123836, 0.0], [-0.017564, 0.12342, 0.992184, 0.0], [0.000475, 0.050475, 0.000475, 1.0]]}, {"name": "RightFoot", "parent": 23, "transform_mat": [[0.997446, -0.071462, 5.9e-05, 0.0], [0.021079, 0.294997, 0.955325, 0.0], [-0.068283, -0.952822, 0.295768, 0.0], [0.000475, 0.100475, 0.000475, 1.0]]}, {"name": "RightToeBase", "parent": 24, "transform_mat": [[1.000015, -0.006272, 0.00614, 0.0], [0.004984, 0.981592, 0.191037, 0.0], [-0.007225, -0.191003, 0.981563, 0.0], [0.000475, 0.050475, 0.000475, 1.0]]}]