[{"name": "Root", "parent": -1, "transform_mat": [[0.9995992517311163, 0.02830787767728836, 0.0, 0.0], [0.0, 0.0, 1.0, 0.0], [0.02830787767728836, -0.9995992517311163, 0.0, 0.0], [0.0, 0.0, -0.7879895971906731, 1.0]]}, {"name": "Hips", "parent": 0, "transform_mat": [[-0.999999, -0.000301, 0.001309, 0.0], [0.001309, -0.436994, 0.899505, 0.0], [0.000301, 0.899506, 0.436994, 0.0], [0.0, 0.012041, -0.316247, 1.0]]}, {"name": "LHipJoint", "parent": 1, "transform_mat": [[-0.0829200000000001, 0.9959520000000001, 0.005276000000000058, 0.0], [0.13606400000000007, 0.01719000000000004, -0.990012, 0.0], [-0.9866280000000001, -0.08195600000000003, -0.13643400000000017, 0.0], [0.0, 0.0, 0.0, 1.0]]}, {"name": "LeftUpLeg", "parent": 2, "transform_mat": [[-0.321041, -0.162567, 0.932978, 0.0], [-0.03062, 0.986342, 0.161346, 0.0], [-0.946612, 0.023229, -0.321636, 0.0], [0.000475, 0.080475, 0.000475, 1.0]]}, {"name": "LeftLeg", "parent": 3, "transform_mat": [[0.04414312888888883, -0.9746202044444443, -0.16686788444444448, 0.0], [0.9690263377777777, 0.0762268977777778, -0.18851414222222224, 0.0], [0.19676735111111113, -0.1570512088888889, 0.9674322311111111, 0.0], [0.000475, 0.050475, 0.000475, 1.0]]}, {"name": "LeftFoot", "parent": 4, "transform_mat": [[0.997446, 0.071462, -5.9e-05, 0.0], [-0.021079, 0.294997, 0.955325, 0.0], [0.068283, -0.952822, 0.295768, 0.0], [0.000475, 0.100475, 0.000475, 1.0]]}, {"name": "LeftToeBase", "parent": 5, "transform_mat": [[1.000015, 0.006272, -0.00614, 0.0], [-0.004984, 0.981592, 0.191037, 0.0], [0.007225, -0.191003, 0.981563, 0.0], [0.000475, 0.050475, 0.000475, 1.0]]}, {"name": "LowerBack", "parent": 1, "transform_mat": [[1.0, 0.0, 0.0, 0.0], [0.0, 0.840398, -0.542013, 0.0], [0.0, 0.542013, 0.840398, 0.0], [2.1e-05, 0.057271, 0.00894, 1.0]]}, {"name": "Spine", "parent": 7, "transform_mat": [[1.0, 0.0, 0.0, 0.0], [0.0, 0.981503, 0.191165, 0.0], [0.0, -0.191165, 0.981503, 0.0], [-4.8e-05, 0.054954, -0.006456, 1.0]]}, {"name": "Spine1", "parent": 8, "transform_mat": [[1.0, 0.0, 0.0, 0.0], [0.0, 0.978685, -0.205299, 0.0], [0.0, 0.205299, 0.978685, 0.0], [-2.2e-05, 0.047021, -0.001332, 1.0]]}, {"name": "LeftShoulder", "parent": 9, "transform_mat": [[-0.17566924309058596, 0.984055567939781, 0.02783803582682913, 0.0], [-0.963655567939781, -0.17767124309058602, 0.19950156830788118, 0.0], [0.20126664753664203, 0.008220011274999356, 0.979502, 0.0], [0.020475, 0.100475, -0.019525, 1.0]]}, {"name": "LeftArm", "parent": 10, "transform_mat": [[0.05524268000000021, 0.98695042, 0.10386265999999998, 0.0], [-0.99079822, 0.04898940000000018, 0.061231060000000004, 0.0], [0.056369059999999985, -0.10657965999999999, 0.99265772, 0.0], [0.000475, 0.100475, 0.000475, 1.0]]}, {"name": "LeftForeArm", "parent": 11, "transform_mat": [[1.000018, -0.000949, 0.00095, 0.0], [0.00095, 1.000014, -0.000949, 0.0], [-0.000949, 0.00095, 1.000048, 0.0], [0.000475, 0.100475, 0.000475, 1.0]]}, {"name": "LeftHand", "parent": 12, "transform_mat": [[0.999987, -0.000949, 0.00095, 0.0], [0.00095, 1.000024, -0.000949, 0.0], [-0.000949, 0.00095, 1.000025, 0.0], [0.000475, 0.100475, 0.000475, 1.0]]}, {"name": "Neck", "parent": 9, "transform_mat": [[1.000002, 0.0, 0.0, 0.0], [0.0, 0.972515, -0.233045, 0.0], [0.0, 0.233045, 0.972514, 0.0], [-6.2e-05, 0.105884, -0.022535, 1.0]]}, {"name": "Neck1", "parent": 14, "transform_mat": [[0.99987, -0.005828, -0.015018, 0.0], [0.005828, 1.000023, -3.9e-05, 0.0], [0.015017, -4.9e-05, 0.999928, 0.0], [-1e-05, 0.07124, -0.020578, 1.0]]}, {"name": "Head", "parent": 15, "transform_mat": [[1.0, 0.0, 0.0, 0.0], [0.0, 0.914233, 0.405229, 0.0], [0.0, -0.405229, 0.914233, 0.0], [0.000336, 0.153849, -0.019886, 1.0]]}, {"name": "RightShoulder", "parent": 9, "transform_mat": [[-0.06411448886297855, -0.9977830948688226, -0.017838943686030145, 0.0], [0.9776830948688225, -0.0663864888629786, 0.19932034543459592, 0.0], [-0.20006273597439383, -0.004661511604617155, 0.979772, 0.0], [-0.019525, 0.100475, -0.019525, 1.0]]}, {"name": "RightArm", "parent": 17, "transform_mat": [[0.24738840000000017, -0.94873752, -0.06106784, 0.0], [0.9498581599999999, 0.24408600000000014, 0.055418880000000004, 0.0], [-0.04002048, -0.07210336, 0.99651264, 0.0], [0.000475, 0.100475, 0.000475, 1.0]]}, {"name": "RightForeArm", "parent": 18, "transform_mat": [[1.000018, -0.000949, 0.00095, 0.0], [0.00095, 1.000014, -0.000949, 0.0], [-0.000949, 0.00095, 1.000048, 0.0], [0.000475, 0.100475, 0.000475, 1.0]]}, {"name": "RightHand", "parent": 19, "transform_mat": [[0.999987, -0.000949, 0.00095, 0.0], [0.00095, 1.000024, -0.000949, 0.0], [-0.000949, 0.00095, 1.000025, 0.0], [0.000475, 0.100475, 0.000475, 1.0]]}, {"name": "RHipJoint", "parent": 1, "transform_mat": [[-0.2197738755555556, -0.8542834977777778, 0.46230280444444444, 0.0], [-0.2119977022222222, -0.4167284111111109, -0.8785778822222223, 0.0], [0.9479352044444445, -0.2950285177777779, -0.08431853555555557, 0.0], [0.0, 0.0, 0.0, 1.0]]}, {"name": "RightUpLeg", "parent": 21, "transform_mat": [[-0.321987, 0.152387, -0.93437, 0.0], [-0.009842, 0.986287, 0.16426, 0.0], [0.946735, 0.06208, -0.316074, 0.0], [0.000475, 0.080475, 0.000475, 1.0]]}, {"name": "RightLeg", "parent": 22, "transform_mat": [[0.44018135777777767, 0.8963096911111113, -0.014978182222222233, 0.0], [-0.891908868888889, 0.4362371444444443, -0.1073877288888889, 0.0], [-0.08996653777777779, 0.060518528888888895, 0.9940903422222223, 0.0], [0.000475, 0.050475, 0.000475, 1.0]]}, {"name": "RightFoot", "parent": 23, "transform_mat": [[0.997446, -0.071462, 5.9e-05, 0.0], [0.021079, 0.294997, 0.955325, 0.0], [-0.068283, -0.952822, 0.295768, 0.0], [0.000475, 0.100475, 0.000475, 1.0]]}, {"name": "RightToeBase", "parent": 24, "transform_mat": [[1.000015, -0.006272, 0.00614, 0.0], [0.004984, 0.981592, 0.191037, 0.0], [-0.007225, -0.191003, 0.981563, 0.0], [0.000475, 0.050475, 0.000475, 1.0]]}]