[{"name": "Root", "parent": -1, "transform_mat": [[0.014183888888888996, -0.9864817777777777, -0.0012363333333333393, 0.0], [0.5420383333333334, 0.012850555555555587, 0.8242222222222222, 0.0], [-0.8242222222222222, -0.0012363333333333393, 0.5555545555555557, 0.0], [0.04559686644011059, 0.0, 0.0, 1.0]]}, {"name": "Hips", "parent": 0, "transform_mat": [[-0.999999, -0.000301, 0.001309, 0.0], [0.001309, -0.436994, 0.899505, 0.0], [0.000301, 0.899506, 0.436994, 0.0], [0.0, 0.012041, -0.316247, 1.0]]}, {"name": "LHipJoint", "parent": 1, "transform_mat": [[0.04451235555555555, 0.9200056533333333, 0.3633704177777777, 0.0], [0.12999086222222223, 0.3664872888888888, -0.9142285866666666, 0.0], [-0.9805869866666665, 0.07937966222222215, -0.09825340444444453, 0.0], [0.0, 0.0, 0.0, 1.0]]}, {"name": "LeftUpLeg", "parent": 2, "transform_mat": [[-0.321041, -0.162567, 0.932978, 0.0], [-0.03062, 0.986342, 0.161346, 0.0], [-0.946612, 0.023229, -0.321636, 0.0], [0.000475, 0.080475, 0.000475, 1.0]]}, {"name": "LeftLeg", "parent": 3, "transform_mat": [[-0.28476894222222215, -0.9265616444444444, -0.12191696888888892, 0.0], [0.9160634222222221, -0.2508913955555554, -0.2314203111111111, 0.0], [0.18495414222222223, -0.18496235555555557, 0.9645331022222222, 0.0], [0.000475, 0.050475, 0.000475, 1.0]]}, {"name": "LeftFoot", "parent": 4, "transform_mat": [[0.997446, 0.071462, -5.9e-05, 0.0], [-0.021079, 0.294997, 0.955325, 0.0], [0.068283, -0.952822, 0.295768, 0.0], [0.000475, 0.100475, 0.000475, 1.0]]}, {"name": "LeftToeBase", "parent": 5, "transform_mat": [[1.000015, 0.006272, -0.00614, 0.0], [-0.004984, 0.981592, 0.191037, 0.0], [0.007225, -0.191003, 0.981563, 0.0], [0.000475, 0.050475, 0.000475, 1.0]]}, {"name": "LowerBack", "parent": 1, "transform_mat": [[1.0, 0.0, 0.0, 0.0], [0.0, 0.840398, -0.542013, 0.0], [0.0, 0.542013, 0.840398, 0.0], [2.1e-05, 0.057271, 0.00894, 1.0]]}, {"name": "Spine", "parent": 7, "transform_mat": [[1.0, 0.0, 0.0, 0.0], [0.0, 0.981503, 0.191165, 0.0], [0.0, -0.191165, 0.981503, 0.0], [-4.8e-05, 0.054954, -0.006456, 1.0]]}, {"name": "Spine1", "parent": 8, "transform_mat": [[-0.003962, 0.13488, 0.990847, 0.0], [0.072018, 0.988313, -0.134249, 0.0], [-0.997388, 0.070827, -0.01363, 0.0], [-2.2e-05, 0.047021, -0.001332, 1.0]]}, {"name": "LeftShoulder", "parent": 9, "transform_mat": [[-0.0476316177777778, 0.013312413333333273, -0.9826901333333333, 0.0], [-0.9789116666666666, -0.07292062222222229, 0.06140851111111112, 0.0], [-0.08711525333333342, 0.9807455511111112, 0.03406964444444438, 0.0], [0.020475, 0.100475, -0.019525, 1.0]]}, {"name": "LeftArm", "parent": 10, "transform_mat": [[0.99149664, 0.12940256000000003, 0.0021094399999999998, 0.0], [-0.12941536, 0.99146592, 0.00783488, 0.0], [-0.0010662399999999998, -0.00804352, 0.99996672, 0.0], [0.000475, 0.100475, 0.000475, 1.0]]}, {"name": "LeftForeArm", "parent": 11, "transform_mat": [[1.000018, -0.000949, 0.00095, 0.0], [0.00095, 1.000014, -0.000949, 0.0], [-0.000949, 0.00095, 1.000048, 0.0], [0.000475, 0.100475, 0.000475, 1.0]]}, {"name": "LeftHand", "parent": 12, "transform_mat": [[0.999987, -0.000949, 0.00095, 0.0], [0.00095, 1.000024, -0.000949, 0.0], [-0.000949, 0.00095, 1.000025, 0.0], [0.000475, 0.100475, 0.000475, 1.0]]}, {"name": "Neck", "parent": 9, "transform_mat": [[1.000002, 0.0, 0.0, 0.0], [0.0, 0.972515, -0.233045, 0.0], [0.0, 0.233045, 0.972514, 0.0], [-6.2e-05, 0.105884, -0.022535, 1.0]]}, {"name": "Neck1", "parent": 14, "transform_mat": [[0.99987, -0.005828, -0.015018, 0.0], [0.005828, 1.000023, -3.9e-05, 0.0], [0.015017, -4.9e-05, 0.999928, 0.0], [-1e-05, 0.07124, -0.020578, 1.0]]}, {"name": "Head", "parent": 15, "transform_mat": [[1.0, 0.0, 0.0, 0.0], [0.0, 0.914233, 0.405229, 0.0], [0.0, -0.405229, 0.914233, 0.0], [0.000336, 0.153849, -0.019886, 1.0]]}, {"name": "RightShoulder", "parent": 9, "transform_mat": [[0.08613528888888888, -0.00707747555555549, -0.9928297600000001, 0.0], [0.9771534933333333, -0.1721660444444446, 0.08235683555555562, 0.0], [-0.17587516444444462, -0.9805924266666667, -0.003876017777777907, 0.0], [-0.019525, 0.100475, -0.019525, 1.0]]}, {"name": "RightArm", "parent": 17, "transform_mat": [[-0.8076569444444444, 0.5361954444444444, -0.15590133333333334, 0.0], [-0.5386916666666667, -0.8202277777777778, -0.030144444444444446, 0.0], [-0.14704444444444442, 0.059932, 0.9871837222222222, 0.0], [0.000475, 0.100475, 0.000475, 1.0]]}, {"name": "RightForeArm", "parent": 18, "transform_mat": [[1.000018, -0.000949, 0.00095, 0.0], [0.00095, 1.000014, -0.000949, 0.0], [-0.000949, 0.00095, 1.000048, 0.0], [0.000475, 0.100475, 0.000475, 1.0]]}, {"name": "RightHand", "parent": 19, "transform_mat": [[0.999987, -0.000949, 0.00095, 0.0], [0.00095, 1.000024, -0.000949, 0.0], [-0.000949, 0.00095, 1.000025, 0.0], [0.000475, 0.100475, 0.000475, 1.0]]}, {"name": "RHipJoint", "parent": 1, "transform_mat": [[-0.2218907911111112, 0.4657124977777777, 0.8486638400000001, 0.0], [-0.6012309866666666, -0.7456409777777782, 0.2510887822222222, 0.0], [0.7587092622222223, -0.45567109333333333, 0.45900136888888876, 0.0], [0.0, 0.0, 0.0, 1.0]]}, {"name": "RightUpLeg", "parent": 21, "transform_mat": [[-0.321987, 0.152387, -0.93437, 0.0], [-0.009842, 0.986287, 0.16426, 0.0], [0.946735, 0.06208, -0.316074, 0.0], [0.000475, 0.080475, 0.000475, 1.0]]}, {"name": "RightLeg", "parent": 22, "transform_mat": [[0.06854595555555576, -0.991153902222222, 0.043881404444444445, 0.0], [0.9881471822222221, 0.06430047111111137, -0.09160070222222222, 0.0], [0.08875123555555556, 0.04939113777777779, 0.9947976444444444, 0.0], [0.000475, 0.050475, 0.000475, 1.0]]}, {"name": "RightFoot", "parent": 23, "transform_mat": [[0.997446, -0.071462, 5.9e-05, 0.0], [0.021079, 0.294997, 0.955325, 0.0], [-0.068283, -0.952822, 0.295768, 0.0], [0.000475, 0.100475, 0.000475, 1.0]]}, {"name": "RightToeBase", "parent": 24, "transform_mat": [[1.000015, -0.006272, 0.00614, 0.0], [0.004984, 0.981592, 0.191037, 0.0], [-0.007225, -0.191003, 0.981563, 0.0], [0.000475, 0.050475, 0.000475, 1.0]]}]