body angle: 125.83765295427827
position: 0.04559686644011059
RightShoulder: -1.169732332349317
LeftShoulder: -168.77939694778854
RHipJoint: 242.5572822498134
LHipJoint: 154.27700575734718
RightArm: -144.1205603754169
LeftArm: -5.047849068011146
RightLeg: -87.14242844541741
LeftLeg: -105.10638999428727
