[{"name": "Root", "parent": -1, "transform_mat": [[0.015235760000000043, -0.98570344, -0.0010428000000000104, 0.0], [0.10172839999999989, 0.013355360000000038, 0.98044056, 0.0], [-0.98044056, -0.0010428000000000104, 0.1160229599999999, 0.0], [0.0258786318256054, 0.0, 0.0, 1.0]]}, {"name": "Hips", "parent": 0, "transform_mat": [[-0.999999, -0.000301, 0.001309, 0.0], [0.001309, -0.436994, 0.899505, 0.0], [0.000301, 0.899506, 0.436994, 0.0], [0.0, 0.012041, -0.316247, 1.0]]}, {"name": "LHipJoint", "parent": 1, "transform_mat": [[-0.19677472222222248, 0.8835833888888889, -0.399542611111111, 0.0], [0.19405038888888876, -0.3539405555555555, -0.9018850555555555, 0.0], [-0.9501043888888888, -0.26520294444444453, -0.0890342777777775, 0.0], [0.0, 0.0, 0.0, 1.0]]}, {"name": "LeftUpLeg", "parent": 2, "transform_mat": [[-0.321041, -0.162567, 0.932978, 0.0], [-0.03062, 0.986342, 0.161346, 0.0], [-0.946612, 0.023229, -0.321636, 0.0], [0.000475, 0.080475, 0.000475, 1.0]]}, {"name": "LeftLeg", "parent": 3, "transform_mat": [[0.9841103555555556, -0.1017599022222222, -0.1439268622222222, 0.0], [0.10884939555555553, 0.9930952444444444, 0.04141436444444445, 0.0], [0.13864280888888889, -0.05664152888888889, 0.9885549511111111, 0.0], [0.000475, 0.050475, 0.000475, 1.0]]}, {"name": "LeftFoot", "parent": 4, "transform_mat": [[0.997446, 0.071462, -5.9e-05, 0.0], [-0.021079, 0.294997, 0.955325, 0.0], [0.068283, -0.952822, 0.295768, 0.0], [0.000475, 0.100475, 0.000475, 1.0]]}, {"name": "LeftToeBase", "parent": 5, "transform_mat": [[1.000015, 0.006272, -0.00614, 0.0], [-0.004984, 0.981592, 0.191037, 0.0], [0.007225, -0.191003, 0.981563, 0.0], [0.000475, 0.050475, 0.000475, 1.0]]}, {"name": "LowerBack", "parent": 1, "transform_mat": [[1.0, 0.0, 0.0, 0.0], [0.0, 0.840398, -0.542013, 0.0], [0.0, 0.542013, 0.840398, 0.0], [2.1e-05, 0.057271, 0.00894, 1.0]]}, {"name": "Spine", "parent": 7, "transform_mat": [[1.0, 0.0, 0.0, 0.0], [0.0, 0.981503, 0.191165, 0.0], [0.0, -0.191165, 0.981503, 0.0], [-4.8e-05, 0.054954, -0.006456, 1.0]]}, {"name": "Spine1", "parent": 8, "transform_mat": [[-0.003962, 0.13488, 0.990847, 0.0], [0.072018, 0.988313, -0.134249, 0.0], [-0.997388, 0.070827, -0.01363, 0.0], [-2.2e-05, 0.047021, -0.001332, 1.0]]}, {"name": "LeftShoulder", "parent": 9, "transform_mat": [[-0.04647780444444449, 0.013398120000000013, -0.9818886666666666, 0.0], [-0.9746015333333333, -0.1051990222222221, 0.06039197777777794, 0.0], [-0.12015287999999996, 0.9763789377777778, 0.03700457777777788, 0.0], [0.020475, 0.100475, -0.019525, 1.0]]}, {"name": "LeftArm", "parent": 10, "transform_mat": [[0.34012044444444434, 0.9274686666666666, 0.05627888888888889, 0.0], [-0.9287766666666667, 0.33764222222222207, 0.048376666666666665, 0.0], [0.027190888888888893, -0.06905266666666666, 0.9971977777777777, 0.0], [0.000475, 0.100475, 0.000475, 1.0]]}, {"name": "LeftForeArm", "parent": 11, "transform_mat": [[1.000018, -0.000949, 0.00095, 0.0], [0.00095, 1.000014, -0.000949, 0.0], [-0.000949, 0.00095, 1.000048, 0.0], [0.000475, 0.100475, 0.000475, 1.0]]}, {"name": "LeftHand", "parent": 12, "transform_mat": [[0.999987, -0.000949, 0.00095, 0.0], [0.00095, 1.000024, -0.000949, 0.0], [-0.000949, 0.00095, 1.000025, 0.0], [0.000475, 0.100475, 0.000475, 1.0]]}, {"name": "Neck", "parent": 9, "transform_mat": [[1.000002, 0.0, 0.0, 0.0], [0.0, 0.972515, -0.233045, 0.0], [0.0, 0.233045, 0.972514, 0.0], [-6.2e-05, 0.105884, -0.022535, 1.0]]}, {"name": "Neck1", "parent": 14, "transform_mat": [[0.99987, -0.005828, -0.015018, 0.0], [0.005828, 1.000023, -3.9e-05, 0.0], [0.015017, -4.9e-05, 0.999928, 0.0], [-1e-05, 0.07124, -0.020578, 1.0]]}, {"name": "Head", "parent": 15, "transform_mat": [[1.0, 0.0, 0.0, 0.0], [0.0, 0.914233, 0.405229, 0.0], [0.0, -0.405229, 0.914233, 0.0], [0.000336, 0.153849, -0.019886, 1.0]]}, {"name": "RightShoulder", "parent": 9, "transform_mat": [[0.08947822222222224, -0.008298168888888846, -0.9898390400000001, 0.0], [0.8321115733333333, -0.5307367111111112, 0.07411960888888891, 0.0], [-0.5361347911111112, -0.8353649066666667, -0.031181404444444505, 0.0], [-0.019525, 0.100475, -0.019525, 1.0]]}, {"name": "RightArm", "parent": 17, "transform_mat": [[0.543, -0.8387319999999999, -0.031223999999999995, 0.0], [0.838092, 0.5398320000000001, 0.073984, 0.0], [-0.045256, -0.066336, 0.996768, 0.0], [0.000475, 0.100475, 0.000475, 1.0]]}, {"name": "RightForeArm", "parent": 18, "transform_mat": [[1.000018, -0.000949, 0.00095, 0.0], [0.00095, 1.000014, -0.000949, 0.0], [-0.000949, 0.00095, 1.000048, 0.0], [0.000475, 0.100475, 0.000475, 1.0]]}, {"name": "RightHand", "parent": 19, "transform_mat": [[0.999987, -0.000949, 0.00095, 0.0], [0.00095, 1.000024, -0.000949, 0.0], [-0.000949, 0.00095, 1.000025, 0.0], [0.000475, 0.100475, 0.000475, 1.0]]}, {"name": "RHipJoint", "parent": 1, "transform_mat": [[-0.2830424355555552, -0.533314151111111, 0.7842060266666666, 0.0], [-0.3274023288888888, -0.7053850755555553, -0.6066407199999999, 0.0], [0.89006224, -0.43678514666666657, 0.04124759999999994, 0.0], [0.0, 0.0, 0.0, 1.0]]}, {"name": "RightUpLeg", "parent": 21, "transform_mat": [[-0.321987, 0.152387, -0.93437, 0.0], [-0.009842, 0.986287, 0.16426, 0.0], [0.946735, 0.06208, -0.316074, 0.0], [0.000475, 0.080475, 0.000475, 1.0]]}, {"name": "RightLeg", "parent": 22, "transform_mat": [[0.7590435555555555, 0.6441760000000001, -0.006251555555555566, 0.0], [-0.6403395555555556, 0.7535208888888889, -0.11453200000000001, 0.0], [-0.07047733333333334, 0.09049644444444445, 0.9932755555555556, 0.0], [0.000475, 0.050475, 0.000475, 1.0]]}, {"name": "RightFoot", "parent": 23, "transform_mat": [[0.997446, -0.071462, 5.9e-05, 0.0], [0.021079, 0.294997, 0.955325, 0.0], [-0.068283, -0.952822, 0.295768, 0.0], [0.000475, 0.100475, 0.000475, 1.0]]}, {"name": "RightToeBase", "parent": 24, "transform_mat": [[1.000015, -0.006272, 0.00614, 0.0], [0.004984, 0.981592, 0.191037, 0.0], [-0.007225, -0.191003, 0.981563, 0.0], [0.000475, 0.050475, 0.000475, 1.0]]}]