[{"name": "Root", "parent": -1, "transform_mat": [[0.006846888888888625, -0.9935320444444447, -0.0013574666666666402, 0.0], [0.849183706666667, 0.006087022222222016, 0.5157468355555557, 0.0], [-0.5157468355555557, -0.0013574666666666402, 0.8556496622222223, 0.0], [0.3543495725797397, 0.0, 0.0, 1.0]]}, {"name": "Hips", "parent": 0, "transform_mat": [[-0.999999, -0.000301, 0.001309, 0.0], [0.001309, -0.436994, 0.899505, 0.0], [0.000301, 0.899506, 0.436994, 0.0], [0.0, 0.012041, -0.316247, 1.0]]}, {"name": "LHipJoint", "parent": 1, "transform_mat": [[-0.08902784888888893, 0.9903933955555555, -0.02795905777777774, 0.0], [0.1383335022222223, -0.00993568888888885, -0.9854481955555554, 0.0], [-0.9810833955555556, -0.09677409777777773, -0.13149457777777784, 0.0], [0.0, 0.0, 0.0, 1.0]]}, {"name": "LeftUpLeg", "parent": 2, "transform_mat": [[-0.321041, -0.162567, 0.932978, 0.0], [-0.03062, 0.986342, 0.161346, 0.0], [-0.946612, 0.023229, -0.321636, 0.0], [0.000475, 0.080475, 0.000475, 1.0]]}, {"name": "LeftLeg", "parent": 3, "transform_mat": [[0.54530364, -0.8100086400000001, -0.20037544000000002, 0.0], [0.81154136, 0.5706831000000001, -0.09847782000000001, 0.0], [0.19407456, -0.11037782, 0.9745743, 0.0], [0.000475, 0.050475, 0.000475, 1.0]]}, {"name": "LeftFoot", "parent": 4, "transform_mat": [[0.997446, 0.071462, -5.9e-05, 0.0], [-0.021079, 0.294997, 0.955325, 0.0], [0.068283, -0.952822, 0.295768, 0.0], [0.000475, 0.100475, 0.000475, 1.0]]}, {"name": "LeftToeBase", "parent": 5, "transform_mat": [[1.000015, 0.006272, -0.00614, 0.0], [-0.004984, 0.981592, 0.191037, 0.0], [0.007225, -0.191003, 0.981563, 0.0], [0.000475, 0.050475, 0.000475, 1.0]]}, {"name": "LowerBack", "parent": 1, "transform_mat": [[1.0, 0.0, 0.0, 0.0], [0.0, 0.840398, -0.542013, 0.0], [0.0, 0.542013, 0.840398, 0.0], [2.1e-05, 0.057271, 0.00894, 1.0]]}, {"name": "Spine", "parent": 7, "transform_mat": [[1.0, 0.0, 0.0, 0.0], [0.0, 0.981503, 0.191165, 0.0], [0.0, -0.191165, 0.981503, 0.0], [-4.8e-05, 0.054954, -0.006456, 1.0]]}, {"name": "Spine1", "parent": 8, "transform_mat": [[1.0, 0.0, 0.0, 0.0], [0.0, 0.978685, -0.205299, 0.0], [0.0, 0.205299, 0.978685, 0.0], [-2.2e-05, 0.047021, -0.001332, 1.0]]}, {"name": "LeftShoulder", "parent": 9, "transform_mat": [[-0.219342585193951, 0.9751122998826764, 0.03232387566415405, 0.0], [-0.9547122998826765, -0.22134458519395106, 0.19882404044292107, 0.0], [0.20103048219900604, 0.012750577353010772, 0.979502, 0.0], [0.020475, 0.100475, -0.019525, 1.0]]}, {"name": "LeftArm", "parent": 10, "transform_mat": [[0.9998844, -0.015186573333333333, -0.0003900133333333333, 0.0], [0.015186066666666666, 0.9998836777777778, -0.0012685666666666666, 0.0], [0.0004092666666666667, 0.0012624866666666667, 0.9999991177777777, 0.0], [0.000475, 0.100475, 0.000475, 1.0]]}, {"name": "LeftForeArm", "parent": 11, "transform_mat": [[1.000018, -0.000949, 0.00095, 0.0], [0.00095, 1.000014, -0.000949, 0.0], [-0.000949, 0.00095, 1.000048, 0.0], [0.000475, 0.100475, 0.000475, 1.0]]}, {"name": "LeftHand", "parent": 12, "transform_mat": [[0.999987, -0.000949, 0.00095, 0.0], [0.00095, 1.000024, -0.000949, 0.0], [-0.000949, 0.00095, 1.000025, 0.0], [0.000475, 0.100475, 0.000475, 1.0]]}, {"name": "Neck", "parent": 9, "transform_mat": [[1.000002, 0.0, 0.0, 0.0], [0.0, 0.972515, -0.233045, 0.0], [0.0, 0.233045, 0.972514, 0.0], [-6.2e-05, 0.105884, -0.022535, 1.0]]}, {"name": "Neck1", "parent": 14, "transform_mat": [[0.99987, -0.005828, -0.015018, 0.0], [0.005828, 1.000023, -3.9e-05, 0.0], [0.015017, -4.9e-05, 0.999928, 0.0], [-1e-05, 0.07124, -0.020578, 1.0]]}, {"name": "Head", "parent": 15, "transform_mat": [[1.0, 0.0, 0.0, 0.0], [0.0, 0.914233, 0.405229, 0.0], [0.0, -0.405229, 0.914233, 0.0], [0.000336, 0.153849, -0.019886, 1.0]]}, {"name": "RightShoulder", "parent": 9, "transform_mat": [[0.2141433298237575, -0.9767465244777458, 0.010433657682602612, 0.0], [0.9566465244777458, 0.21187132982375756, 0.19984485683490147, 0.0], [-0.1974083622763816, -0.03281412073112558, 0.979772, 0.0], [-0.019525, 0.100475, -0.019525, 1.0]]}, {"name": "RightArm", "parent": 17, "transform_mat": [[-0.3808518155555556, 0.8983215888888889, -0.08295829555555555, 0.0], [-0.896239628888889, -0.386943371111111, -0.07589438888888889, 0.0], [-0.10304505555555556, 0.04498614888888889, 0.9935624844444444, 0.0], [0.000475, 0.100475, 0.000475, 1.0]]}, {"name": "RightForeArm", "parent": 18, "transform_mat": [[1.000018, -0.000949, 0.00095, 0.0], [0.00095, 1.000014, -0.000949, 0.0], [-0.000949, 0.00095, 1.000048, 0.0], [0.000475, 0.100475, 0.000475, 1.0]]}, {"name": "RightHand", "parent": 19, "transform_mat": [[0.999987, -0.000949, 0.00095, 0.0], [0.00095, 1.000024, -0.000949, 0.0], [-0.000949, 0.00095, 1.000025, 0.0], [0.000475, 0.100475, 0.000475, 1.0]]}, {"name": "RHipJoint", "parent": 1, "transform_mat": [[0.3334821972222224, -0.1595838244444444, -0.9185801066666667, 0.0], [-0.18429331333333332, 0.9555165638888888, -0.22742124555555557, 0.0], [0.9139433155555555, 0.24539244333333335, 0.28924108222222233, 0.0], [0.0, 0.0, 0.0, 1.0]]}, {"name": "RightUpLeg", "parent": 21, "transform_mat": [[-0.321987, 0.152387, -0.93437, 0.0], [-0.009842, 0.986287, 0.16426, 0.0], [0.946735, 0.06208, -0.316074, 0.0], [0.000475, 0.080475, 0.000475, 1.0]]}, {"name": "RightLeg", "parent": 22, "transform_mat": [[-0.9938010711111112, 0.027730297777777795, 0.009852702222222223, 0.0], [-0.028288897777777794, -0.9919154355555557, -0.061814164444444444, 0.0], [0.008110697777777778, -0.06206676444444445, 0.9980333644444445, 0.0], [0.000475, 0.050475, 0.000475, 1.0]]}, {"name": "RightFoot", "parent": 23, "transform_mat": [[0.997446, -0.071462, 5.9e-05, 0.0], [0.021079, 0.294997, 0.955325, 0.0], [-0.068283, -0.952822, 0.295768, 0.0], [0.000475, 0.100475, 0.000475, 1.0]]}, {"name": "RightToeBase", "parent": 24, "transform_mat": [[1.000015, -0.006272, 0.00614, 0.0], [0.004984, 0.981592, 0.191037, 0.0], [-0.007225, -0.191003, 0.981563, 0.0], [0.000475, 0.050475, 0.000475, 1.0]]}]