body angle: 102.5983202980525
position: -0.0627357553479626
RightShoulder: -1.0865966842176962
LeftShoulder: -174.05957235686722
RHipJoint: -87.10848684409746
LHipJoint: 177.7082281266904
RightArm: 151.19988093294924
LeftArm: 2.3622792994154906
RightLeg: 3.3531500826047704
LeftLeg: -80.09510333719291
